#Length	Count
1039	1
1780	1
1794	1
2475	1
2540	1
2566	1
2568	1
2721	1
2743	1
2773	1
2799	1
2918	1
2925	1
2938	1
3033	1
3035	1
3039	1
3055	1
3071	1
3125	1
3180	1
3227	1
3238	1
3279	1
3299	1
3323	1
3327	1
3491	1
3500	1
3609	1
3622	1
3634	1
3635	1
3718	1
3751	1
3758	1
3760	1
3761	1
3783	1
3797	1
3807	1
3824	1
3876	2
3887	1
3888	1
3918	1
3921	1
3923	1
3985	1
4053	1
4065	1
4070	1
4079	1
4137	1
4143	1
4162	1
4175	1
4193	1
4232	1
4266	1
4277	1
4289	1
4302	1
4340	1
4356	1
4361	2
4370	1
4386	1
4396	1
4402	1
4406	1
4415	1
4429	1
4483	1
4487	1
4491	1
4499	1
4501	1
4510	1
4528	1
4532	1
4575	1
4596	1
4625	1
4629	1
4633	1
4723	1
4774	1
4800	1
4838	1
4840	1
4843	1
4847	1
4851	1
4890	1
4900	1
4914	1
4919	1
4947	1
4963	1
4967	1
4980	1
4990	1
5004	1
5015	1
5030	1
5062	1
5080	1
5081	1
5092	1
5100	1
5102	1
5112	1
5130	1
5142	1
5162	1
5181	1
5184	1
5204	1
5208	1
5210	1
5223	1
5228	1
5235	1
5245	1
5247	1
5259	1
5272	1
5283	1
5291	1
5310	2
5314	1
5324	1
5326	1
5333	1
5334	1
5335	1
5346	1
5347	1
5375	1
5383	1
5384	1
5393	1
5420	2
5440	1
5461	1
5462	1
5487	1
5493	1
5515	1
5518	1
5520	1
5532	1
5561	1
5571	1
5588	2
5610	1
5618	1
5644	1
5653	1
5658	1
5661	1
5673	1
5683	1
5717	1
5733	1
5751	1
5762	1
5773	1
5781	1
5785	1
5801	1
5824	1
5845	1
5847	1
5860	1
5879	1
5884	1
5886	1
5902	1
5922	1
5923	1
5942	1
5949	1
5966	1
6014	1
6041	1
6058	1
6080	1
6087	1
6089	1
6103	1
6112	1
6153	1
6155	1
6159	1
6174	1
6197	1
6202	1
6224	2
6233	1
6241	1
6256	1
6263	1
6273	1
6317	1
6325	1
6334	1
6342	1
6380	1
6446	1
6466	1
6474	1
6490	1
6491	1
6497	1
6506	1
6511	1
6514	1
6518	1
6528	1
6557	1
6561	1
6575	1
6581	1
6586	1
6597	1
6600	1
6629	1
6640	1
6657	1
6665	1
6674	1
6693	1
6712	1
6734	1
6742	1
6752	1
6800	1
6812	1
6814	1
6824	1
6838	1
6845	1
6847	1
6848	1
6866	1
6874	1
6875	1
6918	1
6931	1
6940	1
6946	1
6959	1
6962	1
6965	1
6966	1
6987	1
7005	1
7011	1
7017	1
7018	2
7042	1
7055	1
7070	1
7112	1
7119	1
7125	1
7127	1
7144	1
7146	1
7162	1
7171	1
7172	1
7175	1
7205	1
7220	1
7222	1
7224	1
7226	1
7231	1
7237	1
7239	1
7257	1
7266	1
7267	1
7270	1
7281	1
7288	1
7299	1
7305	1
7320	1
7328	1
7345	1
7355	1
7373	1
7402	1
7416	1
7428	1
7444	1
7467	1
7484	1
7492	1
7503	2
7512	1
7522	1
7541	1
7556	1
7561	1
7580	1
7584	1
7586	1
7603	1
7614	1
7615	1
7620	1
7651	1
7653	1
7665	1
7685	1
7690	1
7713	1
7725	1
7735	1
7755	1
7760	1
7773	1
7781	1
7783	2
7818	2
7819	1
7821	1
7823	1
7828	1
7838	1
7841	1
7853	1
7859	1
7929	1
7998	2
8022	1
8024	1
8027	1
8031	1
8033	1
8045	1
8076	1
8087	1
8108	1
8116	1
8127	1
8133	1
8140	1
8147	2
8155	1
8181	1
8186	1
8206	1
8228	1
8232	1
8234	1
8245	1
8249	1
8297	1
8313	1
8319	1
8341	1
8344	1
8357	1
8358	1
8368	1
8372	2
8377	1
8393	1
8396	1
8414	1
8424	1
8467	1
8470	1
8472	1
8479	1
8482	1
8487	1
8518	1
8520	1
8564	1
8567	1
8569	1
8584	1
8588	1
8676	1
8682	1
8689	1
8690	1
8721	1
8728	1
8740	2
8745	1
8753	1
8760	1
8781	1
8786	1
8789	1
8791	1
8794	1
8815	1
8819	1
8824	1
8828	1
8835	1
8836	1
8837	1
8843	1
8851	1
8856	1
8884	1
8886	1
8888	1
8898	1
8905	1
8985	1
8989	1
8997	1
9041	1
9074	1
9075	1
9080	1
9083	1
9105	1
9106	1
9107	1
9115	1
9125	1
9130	1
9146	1
9150	1
9151	1
9159	1
9166	1
9177	1
9181	1
9189	1
9206	1
9209	1
9211	1
9214	1
9215	1
9239	1
9244	1
9256	1
9263	1
9270	1
9303	1
9313	1
9318	1
9326	1
9330	2
9334	1
9337	1
9339	1
9348	1
9376	1
9379	1
9380	1
9395	1
9404	1
9431	1
9441	1
9453	1
9454	1
9485	1
9498	1
9502	1
9508	2
9509	1
9517	1
9530	1
9564	1
9567	1
9600	1
9609	1
9611	2
9638	1
9653	1
9678	1
9698	1
9721	1
9724	1
9725	1
9728	1
9734	1
9797	1
9822	1
9828	1
9851	1
9855	1
9880	1
9892	1
9905	2
9908	1
9949	1
9996	1
9997	1
10002	1
10031	1
10043	1
10052	1
10074	1
10079	1
10097	1
10102	1
10128	1
10135	1
10140	1
10142	1
10145	1
10170	1
10212	1
10224	1
10237	1
10240	1
10255	1
10267	1
10287	1
10319	1
10340	1
10350	1
10383	1
10403	1
10424	1
10440	1
10457	1
10484	1
10514	1
10519	1
10532	1
10561	1
10570	1
10573	1
10574	1
10580	1
10582	1
10595	1
10599	1
10627	1
10629	1
10640	1
10668	1
10676	1
10721	1
10737	1
10741	1
10742	1
10772	2
10774	1
10778	1
10792	1
10797	1
10800	1
10830	1
10850	1
10854	1
10888	1
10892	1
10955	1
10970	1
10971	1
11018	1
11024	1
11104	1
11126	1
11129	1
11244	1
11247	1
11251	1
11305	1
11310	1
11316	1
11335	1
11346	1
11368	1
11374	1
11428	1
11436	1
11477	1
11515	1
11533	1
11536	1
11546	1
11573	1
11631	1
11632	1
11636	1
11649	1
11763	1
11775	1
11820	1
11828	1
11830	1
11831	1
11843	1
11856	1
11875	1
11904	1
11929	1
11959	1
12091	1
12105	1
12137	1
12145	1
12193	1
12196	1
12199	1
12218	1
12222	1
12224	1
12239	2
12241	1
12259	1
12270	1
12273	1
12274	1
12275	1
12277	1
12280	1
12291	1
12294	1
12295	1
12296	1
12299	1
12301	1
12303	1
12305	1
12307	1
12318	1
12323	1
12326	1
12333	1
12339	1
12340	1
12344	1
12350	1
12351	1
12353	1
12354	1
12360	1
12374	2
12381	1
12383	1
12384	1
12389	1
12390	1
12396	1
12400	1
12401	1
12403	1
12405	2
12407	1
12409	1
12411	2
12415	1
12421	1
12423	2
12424	1
12425	1
12426	1
12428	1
12429	2
12434	1
12435	1
12436	1
12439	2
12440	1
12442	1
12443	1
12447	2
12449	1
12450	1
12451	1
12458	1
12460	3
12463	1
12464	1
12469	1
12471	1
12475	5
12476	2
12477	1
12479	2
12480	1
12482	1
12483	1
12485	1
12489	2
12490	1
12492	2
12493	2
12494	2
12495	1
12496	1
12497	1
12499	2
12500	1
12501	2
12502	1
12504	1
12508	1
12509	1
12510	1
12511	2
12512	2
12515	2
12517	1
12518	2
12519	5
12521	1
12522	1
12523	1
12524	1
12525	1
12527	3
12528	1
12529	2
12530	2
12533	3
12534	1
12535	1
12537	3
12538	1
12539	1
12540	2
12541	1
12543	1
12544	1
12545	1
12547	1
12548	2
12549	1
12550	1
12551	1
12552	1
12553	4
12555	1
12557	1
12560	2
12562	2
12563	1
12564	2
12567	3
12569	2
12570	5
12572	1
12573	1
12574	1
12577	1
12579	1
12580	1
12581	2
12583	2
12585	2
12587	1
12588	1
12589	3
12590	2
12591	3
12592	3
12595	1
12596	1
12597	2
12598	4
12599	1
12600	3
12601	2
12602	3
12603	1
12605	3
12606	2
12607	2
12608	3
12609	1
12611	2
12612	2
12613	1
12614	3
12616	2
12617	1
12619	1
12621	2
12623	2
12624	2
12625	2
12627	2
12628	4
12629	4
12630	2
12631	3
12632	3
12633	2
12634	4
12635	1
12636	1
12637	2
12638	3
12640	2
12641	1
12642	3
12643	2
12644	3
12645	1
12646	3
12647	1
12648	1
12649	3
12650	2
12651	4
12652	2
12653	4
12654	2
12655	5
12657	1
12658	3
12659	3
12660	3
12661	1
12662	1
12663	2
12664	5
12665	5
12666	1
12667	2
12668	3
12669	3
12671	6
12672	5
12673	3
12674	7
12675	2
12676	1
12677	4
12678	5
12679	4
12680	1
12681	1
12682	1
12683	1
12684	3
12685	2
12686	4
12687	1
12688	4
12689	1
12690	4
12691	3
12692	1
12693	3
12694	2
12695	5
12696	1
12697	4
12698	3
12699	1
12700	6
12701	3
12702	6
12703	1
12704	3
12705	7
12706	2
12707	7
12708	1
12709	3
12710	5
12711	4
12712	4
12713	9
12714	7
12715	1
12716	3
12717	4
12718	4
12719	3
12720	2
12721	3
12722	5
12723	6
12724	3
12725	4
12726	3
12727	2
12728	5
12729	2
12730	4
12731	2
12732	5
12733	5
12734	4
12735	6
12736	5
12737	5
12738	2
12739	6
12740	2
12741	5
12742	5
12743	8
12744	4
12745	4
12746	4
12747	4
12748	4
12749	4
12750	1
12752	4
12753	6
12754	3
12755	3
12756	3
12757	4
12758	7
12759	5
12760	5
12761	9
12762	4
12763	7
12764	4
12765	6
12766	5
12767	5
12768	5
12769	7
12770	6
12771	1
12772	5
12773	9
12774	6
12775	7
12776	7
12777	5
12778	5
12779	5
12780	9
12781	9
12782	7
12783	7
12784	4
12785	5
12786	9
12787	5
12788	3
12789	5
12790	4
12791	8
12792	6
12793	6
12794	7
12795	4
12796	8
12797	9
12798	5
12799	8
12800	4
12801	8
12802	7
12803	7
12804	7
12805	4
12806	4
12807	5
12808	5
12809	13
12810	7
12811	10
12812	10
12813	10
12814	5
12815	5
12816	2
12817	7
12818	8
12819	7
12820	11
12821	6
12822	7
12823	8
12824	9
12825	10
12826	8
12827	4
12828	5
12829	5
12830	7
12831	6
12832	8
12833	9
12834	4
12835	9
12836	11
12837	10
12838	10
12839	15
12840	11
12841	8
12842	3
12843	11
12844	8
12845	10
12846	7
12847	8
12848	11
12849	3
12850	5
12851	5
12852	7
12853	8
12854	8
12855	6
12856	15
12857	10
12858	10
12859	11
12860	11
12861	10
12862	7
12863	9
12864	10
12865	10
12866	9
12867	11
12868	12
12869	8
12870	14
12871	10
12872	8
12873	7
12874	12
12875	5
12876	6
12877	12
12878	13
12879	7
12880	12
12881	9
12882	8
12883	11
12884	15
12885	9
12886	8
12887	8
12888	6
12889	15
12890	9
12891	10
12892	9
12893	13
12894	8
12895	13
12896	11
12897	17
12898	9
12899	9
12900	10
12901	9
12902	8
12903	7
12904	14
12905	7
12906	15
12907	9
12908	12
12909	11
12910	3
12911	11
12912	12
12913	13
12914	9
12915	10
12916	13
12917	9
12918	15
12919	11
12920	9
12921	9
12922	6
12923	13
12924	14
12925	14
12926	16
12927	14
12928	14
12929	17
12930	9
12931	8
12932	9
12933	14
12934	14
12935	9
12936	7
12937	11
12938	15
12939	14
12940	17
12941	16
12942	12
12943	13
12944	10
12945	22
12946	9
12947	11
12948	9
12949	16
12950	13
12951	12
12952	18
12953	12
12954	16
12955	12
12956	15
12957	17
12958	13
12959	11
12960	20
12961	15
12962	9
12963	20
12964	13
12965	18
12966	11
12967	13
12968	9
12969	13
12970	15
12971	12
12972	16
12973	15
12974	13
12975	21
12976	15
12977	15
12978	12
12979	14
12980	16
12981	19
12982	20
12983	14
12984	14
12985	16
12986	13
12987	13
12988	15
12989	20
12990	15
12991	11
12992	10
12993	12
12994	17
12995	15
12996	11
12997	17
12998	15
12999	14
13000	16
13001	14
13002	13
13003	20
13004	21
13005	16
13006	23
13007	23
13008	24
13009	14
13010	17
13011	21
13012	6
13013	22
13014	14
13015	19
13016	18
13017	19
13018	20
13019	15
13020	21
13021	17
13022	23
13023	14
13024	18
13025	20
13026	19
13027	17
13028	22
13029	13
13030	15
13031	22
13032	23
13033	14
13034	18
13035	19
13036	20
13037	18
13038	26
13039	11
13040	22
13041	12
13042	27
13043	24
13044	21
13045	23
13046	27
13047	27
13048	21
13049	19
13050	28
13051	15
13052	19
13053	17
13054	19
13055	15
13056	15
13057	25
13058	27
13059	20
13060	25
13061	24
13062	21
13063	24
13064	25
13065	19
13066	21
13067	23
13068	21
13069	18
13070	25
13071	18
13072	21
13073	25
13074	21
13075	21
13076	19
13077	31
13078	22
13079	19
13080	24
13081	21
13082	26
13083	24
13084	20
13085	20
13086	15
13087	18
13088	26
13089	33
13090	29
13091	23
13092	27
13093	21
13094	22
13095	21
13096	24
13097	30
13098	22
13099	27
13100	24
13101	29
13102	20
13103	28
13104	16
13105	28
13106	22
13107	26
13108	27
13109	27
13110	25
13111	17
13112	26
13113	29
13114	12
13115	10
13116	24
13117	28
13118	20
13119	28
13120	26
13121	17
13122	28
13123	22
13124	28
13125	37
13126	21
13127	27
13128	27
13129	36
13130	24
13131	26
13132	14
13133	23
13134	24
13135	27
13136	30
13137	35
13138	22
13139	35
13140	25
13141	19
13142	21
13143	30
13144	23
13145	27
13146	34
13147	27
13148	25
13149	34
13150	25
13151	31
13152	15
13153	23
13154	23
13155	18
13156	29
13157	40
13158	29
13159	28
13160	30
13161	20
13162	28
13163	38
13164	27
13165	27
13166	25
13167	34
13168	34
13169	24
13170	36
13171	33
13172	35
13173	26
13174	39
13175	23
13176	31
13177	28
13178	21
13179	25
13180	34
13181	30
13182	31
13183	17
13184	25
13185	34
13186	34
13187	25
13188	28
13189	27
13190	32
13191	32
13192	31
13193	32
13194	22
13195	38
13196	26
13197	29
13198	37
13199	38
13200	35
13201	30
13202	30
13203	39
13204	21
13205	30
13206	21
13207	43
13208	22
13209	21
13210	23
13211	30
13212	28
13213	33
13214	29
13215	29
13216	32
13217	27
13218	40
13219	18
13220	23
13221	26
13222	31
13223	34
13224	32
13225	25
13226	27
13227	33
13228	35
13229	25
13230	35
13231	28
13232	37
13233	30
13234	40
13235	32
13236	33
13237	30
13238	26
13239	34
13240	39
13241	34
13242	24
13243	31
13244	36
13245	39
13246	35
13247	29
13248	24
13249	26
13250	24
13251	34
13252	40
13253	32
13254	38
13255	27
13256	31
13257	23
13258	39
13259	27
13260	35
13261	35
13262	39
13263	44
13264	36
13265	33
13266	30
13267	26
13268	40
13269	34
13270	36
13271	31
13272	38
13273	35
13274	40
13275	39
13276	31
13277	39
13278	39
13279	34
13280	37
13281	30
13282	33
13283	32
13284	39
13285	30
13286	35
13287	28
13288	41
13289	35
13290	43
13291	34
13292	25
13293	28
13294	36
13295	38
13296	34
13297	34
13298	34
13299	39
13300	28
13301	26
13302	18
13303	28
13304	39
13305	26
13306	30
13307	42
13308	39
13309	33
13310	26
13311	38
13312	35
13313	39
13314	37
13315	33
13316	39
13317	26
13318	52
13319	40
13320	41
13321	44
13322	35
13323	39
13324	45
13325	41
13326	53
13327	34
13328	34
13329	40
13330	31
13331	38
13332	34
13333	32
13334	44
13335	44
13336	33
13337	42
13338	42
13339	36
13340	34
13341	38
13342	25
13343	53
13344	51
13345	48
13346	32
13347	45
13348	45
13349	30
13350	42
13351	27
13352	23
13353	47
13354	49
13355	40
13356	36
13357	34
13358	38
13359	53
13360	39
13361	54
13362	33
13363	36
13364	33
13365	37
13366	39
13367	38
13368	42
13369	34
13370	44
13371	32
13372	37
13373	34
13374	35
13375	41
13376	45
13377	35
13378	46
13379	39
13380	33
13381	42
13382	42
13383	34
13384	44
13385	45
13386	32
13387	39
13388	39
13389	40
13390	31
13391	46
13392	41
13393	40
13394	42
13395	37
13396	45
13397	49
13398	38
13399	39
13400	37
13401	41
13402	50
13403	42
13404	37
13405	49
13406	37
13407	30
13408	40
13409	38
13410	35
13411	36
13412	39
13413	38
13414	26
13415	47
13416	45
13417	41
13418	42
13419	30
13420	34
13421	34
13422	36
13423	56
13424	50
13425	31
13426	32
13427	49
13428	27
13429	48
13430	41
13431	48
13432	44
13433	37
13434	38
13435	37
13436	44
13437	40
13438	33
13439	30
13440	30
13441	44
13442	40
13443	39
13444	38
13445	38
13446	41
13447	35
13448	35
13449	43
13450	45
13451	53
13452	42
13453	40
13454	40
13455	41
13456	36
13457	47
13458	49
13459	52
13460	38
13461	31
13462	34
13463	39
13464	48
13465	47
13466	49
13467	57
13468	39
13469	26
13470	38
13471	40
13472	41
13473	63
13474	43
13475	30
13476	36
13477	47
13478	48
13479	37
13480	31
13481	29
13482	45
13483	41
13484	39
13485	42
13486	35
13487	38
13488	35
13489	41
13490	37
13491	41
13492	40
13493	44
13494	36
13495	46
13496	38
13497	50
13498	46
13499	36
13500	34
13501	39
13502	31
13503	55
13504	45
13505	41
13506	39
13507	52
13508	42
13509	36
13510	36
13511	37
13512	42
13513	36
13514	39
13515	47
13516	50
13517	38
13518	45
13519	39
13520	41
13521	39
13522	33
13523	32
13524	39
13525	49
13526	41
13527	35
13528	39
13529	33
13530	42
13531	37
13532	40
13533	40
13534	44
13535	36
13536	34
13537	40
13538	40
13539	29
13540	30
13541	37
13542	35
13543	42
13544	36
13545	43
13546	51
13547	44
13548	38
13549	41
13550	54
13551	32
13552	47
13553	39
13554	45
13555	30
13556	41
13557	44
13558	40
13559	42
13560	41
13561	35
13562	38
13563	36
13564	38
13565	54
13566	24
13567	33
13568	46
13569	49
13570	34
13571	39
13572	41
13573	38
13574	54
13575	44
13576	35
13577	34
13578	42
13579	44
13580	42
13581	47
13582	34
13583	46
13584	38
13585	32
13586	46
13587	44
13588	33
13589	40
13590	41
13591	38
13592	50
13593	43
13594	35
13595	39
13596	42
13597	47
13598	47
13599	47
13600	45
13601	47
13602	45
13603	43
13604	39
13605	44
13606	48
13607	55
13608	42
13609	34
13610	43
13611	42
13612	46
13613	49
13614	32
13615	47
13616	33
13617	40
13618	40
13619	50
13620	48
13621	31
13622	33
13623	39
13624	42
13625	51
13626	35
13627	40
13628	40
13629	33
13630	39
13631	28
13632	39
13633	39
13634	48
13635	38
13636	46
13637	37
13638	43
13639	49
13640	34
13641	44
13642	46
13643	45
13644	46
13645	43
13646	43
13647	38
13648	53
13649	34
13650	38
13651	32
13652	36
13653	36
13654	48
13655	46
13656	33
13657	44
13658	47
13659	36
13660	42
13661	47
13662	34
13663	42
13664	32
13665	46
13666	40
13667	44
13668	34
13669	35
13670	34
13671	40
13672	45
13673	37
13674	45
13675	50
13676	39
13677	49
13678	35
13679	48
13680	44
13681	26
13682	35
13683	38
13684	34
13685	42
13686	49
13687	43
13688	37
13689	42
13690	36
13691	23
13692	42
13693	42
13694	39
13695	47
13696	31
13697	41
13698	44
13699	31
13700	39
13701	47
13702	43
13703	31
13704	42
13705	38
13706	32
13707	34
13708	26
13709	30
13710	43
13711	47
13712	50
13713	30
13714	37
13715	38
13716	35
13717	49
13718	38
13719	44
13720	36
13721	34
13722	37
13723	40
13724	36
13725	37
13726	39
13727	46
13728	35
13729	31
13730	38
13731	46
13732	37
13733	43
13734	36
13735	39
13736	36
13737	36
13738	31
13739	33
13740	36
13741	46
13742	42
13743	39
13744	36
13745	36
13746	37
13747	42
13748	43
13749	43
13750	62
13751	32
13752	37
13753	48
13754	39
13755	38
13756	34
13757	41
13758	47
13759	39
13760	33
13761	42
13762	36
13763	24
13764	30
13765	31
13766	36
13767	28
13768	43
13769	32
13770	39
13771	43
13772	45
13773	34
13774	38
13775	43
13776	38
13777	35
13778	37
13779	32
13780	28
13781	37
13782	26
13783	46
13784	29
13785	24
13786	26
13787	33
13788	36
13789	40
13790	29
13791	38
13792	44
13793	34
13794	38
13795	42
13796	33
13797	49
13798	30
13799	37
13800	31
13801	36
13802	45
13803	32
13804	45
13805	36
13806	42
13807	33
13808	27
13809	34
13810	42
13811	49
13812	41
13813	40
13814	30
13815	39
13816	42
13817	43
13818	30
13819	43
13820	42
13821	35
13822	40
13823	39
13824	34
13825	39
13826	42
13827	39
13828	32
13829	33
13830	44
13831	28
13832	39
13833	40
13834	46
13835	30
13836	35
13837	36
13838	46
13839	33
13840	37
13841	33
13842	35
13843	33
13844	36
13845	30
13846	33
13847	32
13848	28
13849	39
13850	34
13851	33
13852	35
13853	28
13854	43
13855	25
13856	31
13857	33
13858	32
13859	23
13860	38
13861	31
13862	25
13863	30
13864	36
13865	47
13866	43
13867	56
13868	25
13869	39
13870	30
13871	32
13872	50
13873	47
13874	33
13875	41
13876	38
13877	33
13878	38
13879	35
13880	39
13881	34
13882	37
13883	50
13884	35
13885	40
13886	32
13887	46
13888	37
13889	25
13890	32
13891	30
13892	42
13893	33
13894	40
13895	39
13896	28
13897	33
13898	33
13899	33
13900	33
13901	33
13902	41
13903	31
13904	31
13905	33
13906	35
13907	42
13908	43
13909	53
13910	31
13911	52
13912	38
13913	31
13914	36
13915	23
13916	33
13917	39
13918	36
13919	33
13920	41
13921	29
13922	40
13923	34
13924	41
13925	23
13926	42
13927	39
13928	47
13929	34
13930	34
13931	39
13932	31
13933	35
13934	39
13935	37
13936	38
13937	25
13938	37
13939	27
13940	34
13941	30
13942	33
13943	43
13944	37
13945	38
13946	25
13947	28
13948	34
13949	21
13950	36
13951	31
13952	31
13953	33
13954	31
13955	31
13956	29
13957	30
13958	34
13959	37
13960	30
13961	25
13962	37
13963	30
13964	31
13965	37
13966	34
13967	41
13968	39
13969	29
13970	39
13971	37
13972	44
13973	28
13974	25
13975	37
13976	37
13977	43
13978	35
13979	41
13980	28
13981	40
13982	35
13983	43
13984	37
13985	46
13986	36
13987	29
13988	38
13989	39
13990	38
13991	38
13992	25
13993	32
13994	35
13995	43
13996	29
13997	31
13998	38
13999	33
14000	28
14001	28
14002	27
14003	38
14004	39
14005	34
14006	30
14007	37
14008	36
14009	38
14010	34
14011	26
14012	24
14013	34
14014	32
14015	33
14016	28
14017	28
14018	19
14019	19
14020	36
14021	38
14022	41
14023	33
14024	38
14025	35
14026	32
14027	32
14028	42
14029	22
14030	27
14031	34
14032	39
14033	33
14034	29
14035	32
14036	18
14037	31
14038	33
14039	24
14040	33
14041	29
14042	32
14043	33
14044	25
14045	37
14046	30
14047	32
14048	36
14049	32
14050	26
14051	37
14052	26
14053	23
14054	31
14055	33
14056	37
14057	36
14058	44
14059	45
14060	38
14061	33
14062	26
14063	18
14064	34
14065	25
14066	24
14067	30
14068	31
14069	49
14070	33
14071	32
14072	46
14073	29
14074	40
14075	42
14076	29
14077	26
14078	32
14079	28
14080	27
14081	28
14082	32
14083	52
14084	29
14085	37
14086	28
14087	25
14088	34
14089	42
14090	33
14091	37
14092	38
14093	31
14094	21
14095	40
14096	52
14097	24
14098	31
14099	31
14100	36
14101	30
14102	25
14103	29
14104	31
14105	37
14106	30
14107	35
14108	34
14109	38
14110	28
14111	33
14112	36
14113	39
14114	35
14115	39
14116	23
14117	29
14118	28
14119	26
14120	38
14121	34
14122	31
14123	27
14124	29
14125	36
14126	35
14127	25
14128	37
14129	22
14130	29
14131	27
14132	26
14133	28
14134	41
14135	27
14136	23
14137	43
14138	26
14139	20
14140	38
14141	30
14142	33
14143	30
14144	29
14145	22
14146	38
14147	28
14148	29
14149	34
14150	33
14151	32
14152	30
14153	26
14154	30
14155	29
14156	29
14157	31
14158	42
14159	35
14160	29
14161	30
14162	35
14163	34
14164	34
14165	22
14166	28
14167	31
14168	24
14169	32
14170	36
14171	31
14172	31
14173	32
14174	33
14175	36
14176	34
14177	27
14178	28
14179	32
14180	30
14181	32
14182	19
14183	28
14184	33
14185	38
14186	36
14187	32
14188	26
14189	32
14190	31
14191	41
14192	39
14193	27
14194	35
14195	31
14196	28
14197	28
14198	27
14199	23
14200	24
14201	31
14202	41
14203	29
14204	22
14205	28
14206	28
14207	25
14208	41
14209	33
14210	19
14211	30
14212	29
14213	28
14214	33
14215	36
14216	24
14217	27
14218	31
14219	33
14220	27
14221	31
14222	32
14223	32
14224	24
14225	27
14226	36
14227	32
14228	25
14229	36
14230	28
14231	29
14232	20
14233	36
14234	32
14235	35
14236	29
14237	40
14238	24
14239	37
14240	33
14241	26
14242	42
14243	18
14244	30
14245	25
14246	22
14247	29
14248	30
14249	37
14250	25
14251	44
14252	38
14253	29
14254	29
14255	34
14256	38
14257	34
14258	30
14259	31
14260	33
14261	39
14262	31
14263	37
14264	27
14265	22
14266	32
14267	27
14268	28
14269	32
14270	35
14271	38
14272	37
14273	26
14274	28
14275	35
14276	24
14277	25
14278	33
14279	22
14280	25
14281	27
14282	25
14283	34
14284	32
14285	22
14286	28
14287	21
14288	18
14289	29
14290	31
14291	13
14292	28
14293	29
14294	31
14295	23
14296	30
14297	30
14298	27
14299	20
14300	31
14301	33
14302	31
14303	29
14304	36
14305	34
14306	31
14307	31
14308	31
14309	25
14310	28
14311	39
14312	31
14313	24
14314	29
14315	26
14316	27
14317	38
14318	39
14319	29
14320	27
14321	27
14322	29
14323	36
14324	24
14325	32
14326	21
14327	27
14328	28
14329	27
14330	37
14331	26
14332	27
14333	22
14334	24
14335	23
14336	26
14337	22
14338	35
14339	28
14340	41
14341	37
14342	24
14343	29
14344	36
14345	27
14346	29
14347	33
14348	27
14349	27
14350	25
14351	26
14352	21
14353	21
14354	29
14355	33
14356	26
14357	19
14358	37
14359	32
14360	30
14361	26
14362	32
14363	29
14364	22
14365	20
14366	27
14367	20
14368	20
14369	17
14370	24
14371	31
14372	33
14373	31
14374	22
14375	29
14376	27
14377	23
14378	25
14379	23
14380	27
14381	26
14382	24
14383	23
14384	27
14385	31
14386	23
14387	26
14388	36
14389	20
14390	29
14391	28
14392	31
14393	30
14394	31
14395	29
14396	26
14397	29
14398	17
14399	28
14400	32
14401	23
14402	24
14403	28
14404	38
14405	21
14406	36
14407	27
14408	31
14409	31
14410	25
14411	25
14412	30
14413	32
14414	31
14415	25
14416	20
14417	27
14418	44
14419	28
14420	16
14421	24
14422	29
14423	32
14424	23
14425	21
14426	23
14427	22
14428	34
14429	20
14430	27
14431	17
14432	37
14433	27
14434	28
14435	27
14436	18
14437	35
14438	26
14439	32
14440	22
14441	26
14442	26
14443	31
14444	26
14445	21
14446	26
14447	31
14448	19
14449	23
14450	26
14451	23
14452	35
14453	26
14454	28
14455	22
14456	21
14457	25
14458	23
14459	19
14460	24
14461	23
14462	27
14463	28
14464	25
14465	29
14466	32
14467	32
14468	18
14469	30
14470	22
14471	28
14472	17
14473	32
14474	37
14475	29
14476	23
14477	26
14478	27
14479	29
14480	20
14481	26
14482	25
14483	25
14484	29
14485	31
14486	26
14487	24
14488	27
14489	33
14490	26
14491	41
14492	25
14493	31
14494	25
14495	21
14496	26
14497	27
14498	22
14499	24
14500	33
14501	18
14502	28
14503	28
14504	16
14505	25
14506	21
14507	23
14508	26
14509	29
14510	22
14511	28
14512	29
14513	31
14514	38
14515	27
14516	31
14517	26
14518	28
14519	22
14520	24
14521	21
14522	30
14523	27
14524	22
14525	28
14526	21
14527	20
14528	16
14529	26
14530	25
14531	33
14532	28
14533	31
14534	26
14535	37
14536	25
14537	17
14538	26
14539	19
14540	29
14541	24
14542	20
14543	24
14544	24
14545	27
14546	18
14547	29
14548	31
14549	33
14550	21
14551	28
14552	26
14553	34
14554	28
14555	32
14556	27
14557	29
14558	26
14559	23
14560	24
14561	24
14562	25
14563	27
14564	23
14565	29
14566	20
14567	17
14568	23
14569	32
14570	26
14571	25
14572	21
14573	26
14574	27
14575	39
14576	27
14577	20
14578	23
14579	30
14580	19
14581	22
14582	25
14583	24
14584	27
14585	20
14586	25
14587	24
14588	22
14589	19
14590	17
14591	35
14592	23
14593	25
14594	25
14595	27
14596	23
14597	18
14598	32
14599	29
14600	18
14601	29
14602	23
14603	26
14604	11
14605	15
14606	17
14607	31
14608	17
14609	26
14610	25
14611	24
14612	19
14613	17
14614	26
14615	22
14616	24
14617	26
14618	19
14619	26
14620	29
14621	30
14622	28
14623	25
14624	25
14625	22
14626	29
14627	24
14628	24
14629	28
14630	24
14631	30
14632	19
14633	30
14634	19
14635	26
14636	32
14637	19
14638	23
14639	32
14640	25
14641	27
14642	27
14643	19
14644	32
14645	21
14646	17
14647	34
14648	18
14649	28
14650	35
14651	21
14652	32
14653	22
14654	23
14655	33
14656	22
14657	25
14658	21
14659	23
14660	21
14661	31
14662	28
14663	30
14664	23
14665	33
14666	22
14667	22
14668	25
14669	30
14670	23
14671	18
14672	24
14673	22
14674	16
14675	33
14676	27
14677	22
14678	25
14679	18
14680	23
14681	17
14682	21
14683	28
14684	27
14685	18
14686	27
14687	23
14688	27
14689	28
14690	27
14691	43
14692	23
14693	29
14694	16
14695	20
14696	29
14697	33
14698	21
14699	28
14700	18
14701	16
14702	23
14703	29
14704	26
14705	24
14706	31
14707	22
14708	34
14709	16
14710	23
14711	25
14712	31
14713	26
14714	23
14715	20
14716	30
14717	30
14718	28
14719	18
14720	30
14721	17
14722	24
14723	25
14724	27
14725	34
14726	19
14727	19
14728	29
14729	21
14730	30
14731	28
14732	21
14733	29
14734	26
14735	37
14736	24
14737	30
14738	18
14739	33
14740	20
14741	23
14742	30
14743	31
14744	22
14745	27
14746	23
14747	22
14748	21
14749	21
14750	23
14751	22
14752	18
14753	22
14754	20
14755	31
14756	29
14757	28
14758	17
14759	28
14760	14
14761	24
14762	30
14763	30
14764	23
14765	20
14766	20
14767	29
14768	39
14769	24
14770	24
14771	34
14772	17
14773	28
14774	29
14775	32
14776	27
14777	19
14778	27
14779	34
14780	20
14781	33
14782	26
14783	29
14784	33
14785	19
14786	21
14787	32
14788	21
14789	24
14790	31
14791	24
14792	26
14793	27
14794	14
14795	24
14796	28
14797	21
14798	28
14799	19
14800	22
14801	33
14802	24
14803	25
14804	16
14805	22
14806	30
14807	25
14808	9
14809	25
14810	20
14811	21
14812	31
14813	20
14814	28
14815	23
14816	20
14817	16
14818	21
14819	33
14820	20
14821	20
14822	20
14823	24
14824	13
14825	25
14826	22
14827	13
14828	29
14829	15
14830	23
14831	19
14832	23
14833	17
14834	24
14835	22
14836	19
14837	12
14838	24
14839	17
14840	25
14841	20
14842	19
14843	22
14844	25
14845	19
14846	22
14847	24
14848	14
14849	27
14850	24
14851	29
14852	30
14853	22
14854	24
14855	28
14856	18
14857	25
14858	22
14859	18
14860	32
14861	17
14862	29
14863	23
14864	26
14865	16
14866	18
14867	26
14868	26
14869	19
14870	25
14871	25
14872	30
14873	22
14874	27
14875	20
14876	16
14877	29
14878	30
14879	24
14880	18
14881	19
14882	21
14883	33
14884	17
14885	20
14886	24
14887	15
14888	27
14889	17
14890	20
14891	25
14892	27
14893	13
14894	23
14895	15
14896	16
14897	23
14898	18
14899	23
14900	23
14901	27
14902	18
14903	26
14904	25
14905	19
14906	28
14907	17
14908	23
14909	22
14910	22
14911	15
14912	24
14913	24
14914	22
14915	17
14916	23
14917	39
14918	29
14919	27
14920	19
14921	19
14922	20
14923	25
14924	18
14925	24
14926	22
14927	20
14928	18
14929	32
14930	23
14931	25
14932	20
14933	19
14934	21
14935	25
14936	28
14937	18
14938	10
14939	17
14940	30
14941	27
14942	26
14943	30
14944	25
14945	22
14946	17
14947	21
14948	20
14949	15
14950	22
14951	20
14952	20
14953	23
14954	19
14955	18
14956	20
14957	24
14958	21
14959	19
14960	20
14961	26
14962	24
14963	23
14964	19
14965	16
14966	23
14967	17
14968	25
14969	23
14970	22
14971	18
14972	27
14973	18
14974	13
14975	17
14976	26
14977	24
14978	19
14979	22
14980	21
14981	21
14982	20
14983	16
14984	19
14985	16
14986	17
14987	17
14988	19
14989	16
14990	15
14991	18
14992	22
14993	22
14994	20
14995	18
14996	19
14997	18
14998	15
14999	22
15000	31
15001	22
15002	15
15003	22
15004	26
15005	23
15006	23
15007	22
15008	24
15009	19
15010	15
15011	18
15012	21
15013	18
15014	26
15015	20
15016	26
15017	17
15018	34
15019	17
15020	16
15021	17
15022	20
15023	21
15024	20
15025	22
15026	26
15027	30
15028	17
15029	15
15030	21
15031	19
15032	17
15033	18
15034	21
15035	30
15036	16
15037	20
15038	21
15039	34
15040	19
15041	20
15042	28
15043	21
15044	21
15045	14
15046	22
15047	23
15048	15
15049	17
15050	22
15051	19
15052	19
15053	23
15054	21
15055	22
15056	22
15057	24
15058	15
15059	27
15060	20
15061	21
15062	16
15063	14
15064	35
15065	13
15066	27
15067	22
15068	15
15069	21
15070	21
15071	17
15072	26
15073	17
15074	16
15075	17
15076	12
15077	17
15078	20
15079	24
15080	20
15081	15
15082	15
15083	17
15084	20
15085	20
15086	17
15087	20
15088	18
15089	23
15090	22
15091	17
15092	19
15093	15
15094	22
15095	21
15096	21
15097	18
15098	16
15099	14
15100	21
15101	15
15102	24
15103	22
15104	15
15105	15
15106	20
15107	12
15108	28
15109	19
15110	18
15111	21
15112	18
15113	19
15114	16
15115	11
15116	12
15117	22
15118	22
15119	19
15120	20
15121	24
15122	19
15123	22
15124	12
15125	16
15126	22
15127	12
15128	23
15129	26
15130	17
15131	30
15132	25
15133	17
15134	22
15135	15
15136	23
15137	17
15138	24
15139	19
15140	19
15141	18
15142	18
15143	19
15144	22
15145	18
15146	27
15147	25
15148	12
15149	20
15150	22
15151	24
15152	23
15153	20
15154	22
15155	18
15156	17
15157	16
15158	11
15159	20
15160	22
15161	21
15162	16
15163	20
15164	17
15165	25
15166	15
15167	35
15168	18
15169	22
15170	17
15171	20
15172	25
15173	15
15174	19
15175	26
15176	22
15177	19
15178	18
15179	16
15180	22
15181	14
15182	23
15183	17
15184	22
15185	14
15186	22
15187	25
15188	25
15189	16
15190	26
15191	24
15192	9
15193	20
15194	16
15195	25
15196	18
15197	14
15198	15
15199	23
15200	17
15201	23
15202	25
15203	23
15204	17
15205	12
15206	16
15207	16
15208	18
15209	32
15210	19
15211	23
15212	16
15213	14
15214	15
15215	26
15216	23
15217	21
15218	20
15219	18
15220	9
15221	24
15222	19
15223	17
15224	22
15225	21
15226	11
15227	17
15228	18
15229	21
15230	17
15231	24
15232	17
15233	9
15234	18
15235	18
15236	16
15237	9
15238	17
15239	19
15240	18
15241	14
15242	15
15243	11
15244	18
15245	16
15246	14
15247	15
15248	15
15249	19
15250	23
15251	18
15252	17
15253	15
15254	16
15255	26
15256	25
15257	13
15258	20
15259	22
15260	15
15261	16
15262	19
15263	31
15264	23
15265	17
15266	18
15267	24
15268	15
15269	12
15270	12
15271	17
15272	15
15273	17
15274	22
15275	13
15276	19
15277	19
15278	23
15279	14
15280	21
15281	15
15282	11
15283	11
15284	11
15285	23
15286	15
15287	18
15288	16
15289	12
15290	22
15291	18
15292	15
15293	14
15294	14
15295	25
15296	18
15297	16
15298	19
15299	23
15300	24
15301	15
15302	18
15303	11
15304	13
15305	19
15306	20
15307	13
15308	8
15309	17
15310	20
15311	17
15312	21
15313	17
15314	18
15315	14
15316	22
15317	18
15318	14
15319	22
15320	14
15321	19
15322	22
15323	17
15324	22
15325	23
15326	15
15327	17
15328	21
15329	16
15330	16
15331	13
15332	17
15333	19
15334	16
15335	14
15336	16
15337	21
15338	25
15339	19
15340	16
15341	12
15342	20
15343	13
15344	12
15345	31
15346	26
15347	19
15348	10
15349	10
15350	23
15351	8
15352	13
15353	15
15354	14
15355	11
15356	13
15357	18
15358	20
15359	16
15360	21
15361	18
15362	10
15363	13
15364	18
15365	12
15366	8
15367	19
15368	15
15369	17
15370	19
15371	20
15372	24
15373	22
15374	15
15375	17
15376	11
15377	17
15378	21
15379	21
15380	16
15381	17
15382	19
15383	20
15384	15
15385	21
15386	17
15387	14
15388	24
15389	23
15390	21
15391	18
15392	19
15393	17
15394	15
15395	20
15396	16
15397	16
15398	25
15399	15
15400	21
15401	11
15402	20
15403	18
15404	21
15405	24
15406	17
15407	14
15408	18
15409	18
15410	15
15411	20
15412	20
15413	28
15414	23
15415	12
15416	17
15417	21
15418	16
15419	24
15420	21
15421	13
15422	20
15423	16
15424	21
15425	19
15426	11
15427	14
15428	16
15429	19
15430	21
15431	18
15432	17
15433	24
15434	20
15435	18
15436	22
15437	18
15438	12
15439	22
15440	9
15441	14
15442	22
15443	21
15444	16
15445	23
15446	12
15447	21
15448	11
15449	14
15450	12
15451	12
15452	16
15453	16
15454	16
15455	12
15456	18
15457	23
15458	11
15459	13
15460	15
15461	14
15462	19
15463	15
15464	15
15465	23
15466	17
15467	20
15468	20
15469	12
15470	15
15471	14
15472	12
15473	12
15474	19
15475	18
15476	18
15477	17
15478	16
15479	11
15480	17
15481	17
15482	19
15483	17
15484	9
15485	22
15486	15
15487	12
15488	23
15489	13
15490	22
15491	15
15492	15
15493	19
15494	11
15495	20
15496	23
15497	10
15498	15
15499	11
15500	18
15501	18
15502	14
15503	12
15504	14
15505	24
15506	15
15507	14
15508	13
15509	14
15510	18
15511	21
15512	15
15513	13
15514	18
15515	18
15516	16
15517	15
15518	19
15519	6
15520	11
15521	20
15522	14
15523	17
15524	17
15525	13
15526	14
15527	8
15528	20
15529	10
15530	21
15531	14
15532	21
15533	17
15534	12
15535	17
15536	17
15537	20
15538	21
15539	14
15540	15
15541	12
15542	28
15543	17
15544	15
15545	17
15546	16
15547	15
15548	26
15549	17
15550	12
15551	11
15552	16
15553	19
15554	16
15555	17
15556	15
15557	12
15558	16
15559	18
15560	18
15561	13
15562	22
15563	12
15564	11
15565	23
15566	17
15567	12
15568	17
15569	11
15570	16
15571	12
15572	14
15573	20
15574	18
15575	16
15576	16
15577	15
15578	12
15579	16
15580	15
15581	12
15582	18
15583	16
15584	16
15585	16
15586	6
15587	10
15588	12
15589	14
15590	17
15591	13
15592	12
15593	16
15594	16
15595	16
15596	13
15597	14
15598	15
15599	14
15600	23
15601	11
15602	18
15603	15
15604	16
15605	17
15606	9
15607	12
15608	30
15609	14
15610	16
15611	16
15612	17
15613	19
15614	19
15615	18
15616	15
15617	10
15618	12
15619	13
15620	26
15621	23
15622	16
15623	17
15624	20
15625	11
15626	13
15627	19
15628	17
15629	14
15630	20
15631	9
15632	15
15633	21
15634	17
15635	23
15636	12
15637	17
15638	19
15639	15
15640	13
15641	15
15642	4
15643	7
15644	10
15645	19
15646	12
15647	20
15648	13
15649	13
15650	21
15651	10
15652	26
15653	19
15654	19
15655	16
15656	16
15657	9
15658	20
15659	12
15660	16
15661	12
15662	14
15663	11
15664	14
15665	17
15666	16
15667	14
15668	15
15669	19
15670	11
15671	17
15672	16
15673	17
15674	11
15675	20
15676	18
15677	13
15678	18
15679	13
15680	14
15681	13
15682	15
15683	16
15684	10
15685	19
15686	10
15687	14
15688	14
15689	13
15690	19
15691	24
15692	13
15693	20
15694	9
15695	16
15696	13
15697	16
15698	24
15699	14
15700	11
15701	21
15702	17
15703	10
15704	20
15705	19
15706	15
15707	16
15708	11
15709	18
15710	13
15711	21
15712	13
15713	15
15714	18
15715	24
15716	19
15717	9
15718	20
15719	17
15720	14
15721	15
15722	14
15723	20
15724	7
15725	9
15726	23
15727	17
15728	8
15729	12
15730	12
15731	18
15732	14
15733	13
15734	19
15735	12
15736	14
15737	19
15738	10
15739	12
15740	13
15741	17
15742	16
15743	11
15744	16
15745	7
15746	9
15747	14
15748	17
15749	20
15750	17
15751	11
15752	14
15753	17
15754	19
15755	13
15756	10
15757	7
15758	9
15759	10
15760	10
15761	13
15762	15
15763	20
15764	9
15765	10
15766	11
15767	16
15768	15
15769	14
15770	18
15771	12
15772	14
15773	18
15774	16
15775	14
15776	15
15777	11
15778	12
15779	15
15780	19
15781	13
15782	10
15783	12
15784	14
15785	5
15786	9
15787	20
15788	14
15789	21
15790	24
15791	11
15792	12
15793	20
15794	8
15795	12
15796	10
15797	17
15798	16
15799	12
15800	10
15801	14
15802	17
15803	26
15804	16
15805	13
15806	15
15807	12
15808	11
15809	9
15810	7
15811	11
15812	12
15813	18
15814	15
15815	8
15816	14
15817	10
15818	12
15819	11
15820	20
15821	16
15822	15
15823	19
15824	21
15825	19
15826	21
15827	17
15828	14
15829	23
15830	9
15831	14
15832	11
15833	10
15834	20
15835	15
15836	11
15837	8
15838	18
15839	15
15840	7
15841	13
15842	15
15843	11
15844	10
15845	13
15846	17
15847	15
15848	13
15849	13
15850	17
15851	7
15852	12
15853	14
15854	11
15855	12
15856	15
15857	7
15858	16
15859	7
15860	15
15861	13
15862	14
15863	12
15864	15
15865	15
15866	15
15867	16
15868	21
15869	10
15870	12
15871	14
15872	9
15873	18
15874	11
15875	11
15876	11
15877	14
15878	15
15879	18
15880	11
15881	9
15882	16
15883	11
15884	20
15885	14
15886	14
15887	9
15888	12
15889	8
15890	16
15891	7
15892	7
15893	11
15894	6
15895	12
15896	14
15897	19
15898	11
15899	18
15900	17
15901	12
15902	16
15903	12
15904	13
15905	16
15906	13
15907	9
15908	14
15909	12
15910	10
15911	11
15912	15
15913	9
15914	11
15915	16
15916	9
15917	10
15918	19
15919	11
15920	10
15921	20
15922	10
15923	11
15924	5
15925	15
15926	15
15927	16
15928	19
15929	15
15930	9
15931	11
15932	17
15933	8
15934	10
15935	15
15936	12
15937	13
15938	13
15939	13
15940	12
15941	11
15942	16
15943	13
15944	16
15945	13
15946	16
15947	8
15948	16
15949	18
15950	14
15951	13
15952	11
15953	14
15954	16
15955	12
15956	10
15957	15
15958	9
15959	17
15960	9
15961	12
15962	16
15963	13
15964	12
15965	13
15966	15
15967	19
15968	13
15969	18
15970	14
15971	11
15972	14
15973	11
15974	16
15975	13
15976	13
15977	14
15978	12
15979	11
15980	13
15981	9
15982	13
15983	8
15984	17
15985	14
15986	11
15987	10
15988	12
15989	12
15990	14
15991	9
15992	16
15993	14
15994	12
15995	11
15996	17
15997	13
15998	11
15999	17
16000	9
16001	14
16002	16
16003	16
16004	14
16005	12
16006	10
16007	13
16008	6
16009	17
16010	16
16011	8
16012	11
16013	15
16014	12
16015	13
16016	11
16017	13
16018	9
16019	10
16020	16
16021	13
16022	11
16023	10
16024	12
16025	12
16026	17
16027	12
16028	15
16029	11
16030	15
16031	11
16032	10
16033	16
16034	11
16035	10
16036	7
16037	10
16038	7
16039	12
16040	17
16041	11
16042	16
16043	7
16044	7
16045	10
16046	11
16047	10
16048	13
16049	9
16050	12
16051	7
16052	9
16053	11
16054	13
16055	17
16056	12
16057	10
16058	12
16059	12
16060	6
16061	16
16062	10
16063	11
16064	6
16065	12
16066	5
16067	15
16068	15
16069	13
16070	9
16071	5
16072	13
16073	6
16074	10
16075	9
16076	7
16077	8
16078	10
16079	13
16080	7
16081	15
16082	10
16083	9
16084	14
16085	13
16086	15
16087	11
16088	15
16089	12
16090	21
16091	8
16092	10
16093	9
16094	15
16095	10
16096	15
16097	16
16098	9
16099	5
16100	13
16101	8
16102	10
16103	14
16104	14
16105	15
16106	16
16107	9
16108	14
16109	9
16110	15
16111	13
16112	11
16113	13
16114	9
16115	15
16116	8
16117	11
16118	5
16119	14
16120	8
16121	11
16122	16
16123	10
16124	7
16125	12
16126	10
16127	11
16128	18
16129	14
16130	4
16131	12
16132	7
16133	3
16134	14
16135	10
16136	7
16137	12
16138	12
16139	12
16140	9
16141	10
16142	10
16143	18
16144	5
16145	9
16146	14
16147	14
16148	10
16149	10
16150	12
16151	13
16152	8
16153	9
16154	15
16155	8
16156	12
16157	7
16158	12
16159	11
16160	9
16161	12
16162	9
16163	10
16164	8
16165	9
16166	15
16167	12
16168	11
16169	8
16170	10
16171	14
16172	10
16173	5
16174	9
16175	12
16176	19
16177	5
16178	13
16179	10
16180	9
16181	14
16182	8
16183	13
16184	7
16185	14
16186	9
16187	7
16188	13
16189	11
16190	11
16191	8
16192	10
16193	13
16194	5
16195	6
16196	13
16197	12
16198	14
16199	8
16200	14
16201	13
16202	9
16203	15
16204	7
16205	7
16206	10
16207	5
16208	6
16209	8
16210	12
16211	12
16212	15
16213	17
16214	6
16215	8
16216	9
16217	13
16218	11
16219	10
16220	11
16221	7
16222	14
16223	10
16224	12
16225	11
16226	6
16227	10
16228	7
16229	8
16230	8
16231	12
16232	10
16233	6
16234	9
16235	11
16236	9
16237	9
16238	16
16239	8
16240	12
16241	15
16242	11
16243	9
16244	8
16245	7
16246	9
16247	11
16248	13
16249	13
16250	12
16251	16
16252	13
16253	9
16254	16
16255	7
16256	9
16257	13
16258	11
16259	12
16260	9
16261	15
16262	13
16263	4
16264	9
16265	9
16266	13
16267	10
16268	10
16269	8
16270	14
16271	14
16272	10
16273	10
16274	16
16275	9
16276	5
16277	8
16278	18
16279	8
16280	11
16281	8
16282	15
16283	10
16284	11
16285	13
16286	8
16287	11
16288	5
16289	13
16290	7
16291	8
16292	12
16293	3
16294	10
16295	7
16296	10
16297	7
16298	8
16299	6
16300	14
16301	11
16302	16
16303	7
16304	7
16305	10
16306	7
16307	10
16308	13
16309	11
16310	9
16311	11
16312	7
16313	8
16314	10
16315	8
16316	14
16317	9
16318	16
16319	12
16320	4
16321	8
16322	5
16323	12
16324	7
16325	9
16326	9
16327	7
16328	13
16329	12
16330	6
16331	8
16332	3
16333	13
16334	10
16335	11
16336	15
16337	12
16338	13
16339	10
16340	8
16341	5
16342	14
16343	5
16344	9
16345	14
16346	10
16347	12
16348	4
16349	7
16350	4
16351	8
16352	13
16353	12
16354	14
16355	8
16356	10
16357	9
16358	4
16359	11
16360	2
16361	6
16362	14
16363	3
16364	7
16365	13
16366	10
16367	8
16368	15
16369	10
16370	9
16371	8
16372	9
16373	8
16374	14
16375	13
16376	9
16377	9
16378	10
16379	8
16380	10
16381	6
16382	8
16383	6
16384	7
16385	5
16386	13
16387	6
16388	8
16389	8
16390	11
16391	9
16392	5
16393	6
16394	6
16395	5
16396	12
16397	14
16398	5
16399	8
16400	10
16401	7
16402	9
16403	10
16404	14
16405	7
16406	16
16407	15
16408	10
16409	10
16410	15
16411	12
16412	16
16413	5
16414	17
16415	5
16416	10
16417	7
16418	8
16419	11
16420	7
16421	6
16422	9
16423	17
16424	8
16425	8
16426	8
16427	7
16428	7
16429	7
16430	11
16431	12
16432	7
16433	9
16434	10
16435	7
16436	7
16437	13
16438	10
16439	11
16440	4
16441	8
16442	10
16443	7
16444	3
16445	14
16446	8
16447	15
16448	11
16449	11
16450	6
16451	9
16452	7
16453	13
16454	9
16455	6
16456	12
16457	10
16458	9
16459	9
16460	10
16461	11
16462	6
16463	11
16464	10
16465	11
16466	9
16467	13
16468	10
16469	8
16470	7
16471	12
16472	15
16473	9
16474	7
16475	7
16476	2
16477	8
16478	5
16479	8
16480	12
16481	9
16482	15
16483	9
16484	13
16485	5
16486	18
16487	9
16488	11
16489	8
16490	7
16491	15
16492	5
16493	6
16494	8
16495	8
16496	8
16497	5
16498	9
16499	8
16500	6
16501	10
16502	4
16503	13
16504	7
16505	12
16506	2
16507	4
16508	8
16509	5
16510	8
16511	7
16512	7
16513	6
16514	16
16515	6
16516	6
16517	10
16518	6
16519	9
16520	10
16521	5
16522	8
16523	7
16524	5
16525	4
16526	9
16527	12
16528	6
16529	4
16530	3
16531	7
16532	10
16533	6
16534	7
16535	15
16536	3
16537	5
16538	10
16539	6
16540	7
16541	10
16542	13
16543	11
16544	9
16545	10
16546	6
16547	11
16548	10
16549	7
16550	13
16551	10
16552	11
16553	10
16554	9
16555	6
16556	5
16557	9
16558	4
16559	9
16560	7
16561	5
16562	5
16563	10
16564	9
16565	7
16566	5
16567	7
16568	6
16569	7
16570	10
16571	5
16572	7
16573	8
16574	13
16575	6
16576	2
16577	4
16578	9
16579	10
16580	3
16581	9
16582	8
16583	5
16584	5
16585	8
16586	8
16587	4
16588	2
16589	6
16590	10
16591	6
16592	11
16593	9
16594	6
16595	13
16596	3
16597	7
16598	8
16599	10
16600	8
16601	4
16602	4
16603	7
16604	10
16605	5
16606	5
16607	6
16608	7
16609	4
16610	3
16611	8
16612	7
16613	13
16614	12
16615	10
16616	4
16617	7
16618	8
16619	6
16620	4
16621	8
16622	13
16623	11
16624	7
16625	3
16626	7
16627	10
16628	8
16629	9
16630	9
16631	12
16632	6
16633	8
16634	3
16635	5
16636	10
16637	4
16638	5
16639	8
16640	6
16641	5
16642	7
16643	4
16644	11
16645	4
16646	7
16647	7
16648	7
16649	8
16650	7
16651	8
16652	10
16653	6
16654	9
16655	6
16656	9
16657	4
16658	5
16659	6
16660	11
16661	10
16662	7
16663	5
16664	6
16665	2
16666	10
16667	8
16668	13
16669	12
16670	7
16671	10
16672	10
16673	8
16674	6
16675	14
16676	11
16677	5
16678	6
16679	7
16680	13
16681	7
16682	12
16683	8
16684	8
16685	4
16686	6
16687	11
16688	7
16689	7
16690	9
16691	6
16692	4
16693	11
16694	7
16695	7
16696	6
16697	8
16698	5
16699	4
16700	8
16701	11
16702	8
16703	4
16704	9
16705	7
16706	15
16707	10
16708	5
16709	6
16710	8
16711	3
16712	7
16713	11
16714	11
16715	7
16716	5
16717	9
16718	5
16719	1
16720	5
16721	7
16722	5
16723	9
16724	8
16725	6
16726	11
16727	7
16728	6
16729	5
16730	5
16731	11
16732	6
16733	6
16734	3
16735	5
16736	5
16737	5
16738	7
16739	10
16740	4
16741	5
16742	2
16743	9
16744	10
16745	9
16746	10
16747	7
16748	9
16749	13
16750	8
16751	4
16752	7
16753	5
16754	10
16755	7
16756	11
16757	7
16758	3
16759	10
16760	3
16761	5
16762	8
16763	2
16764	4
16765	3
16766	7
16767	13
16768	7
16769	8
16770	5
16771	3
16772	4
16773	7
16774	5
16775	7
16776	5
16777	5
16778	8
16779	4
16780	7
16781	7
16782	8
16783	7
16784	8
16785	7
16786	11
16787	11
16788	4
16789	3
16790	11
16791	8
16792	3
16793	7
16794	3
16795	12
16796	10
16797	5
16798	5
16799	4
16800	2
16801	8
16802	6
16803	3
16804	3
16805	6
16806	7
16807	11
16808	9
16809	10
16810	7
16811	12
16812	11
16813	13
16814	5
16815	7
16816	8
16817	6
16818	9
16819	8
16820	8
16821	4
16822	4
16823	5
16824	8
16825	7
16826	8
16827	10
16828	7
16829	11
16830	4
16831	8
16832	10
16833	6
16834	9
16835	6
16836	8
16837	9
16838	6
16839	8
16840	5
16841	3
16842	7
16843	5
16844	6
16845	7
16846	4
16847	8
16848	8
16849	6
16850	7
16851	10
16852	7
16853	17
16854	6
16855	6
16856	9
16857	12
16858	9
16859	7
16860	9
16861	5
16862	8
16863	2
16864	13
16865	4
16866	7
16867	10
16868	5
16869	11
16870	6
16871	4
16872	5
16873	8
16874	7
16875	11
16876	6
16877	6
16878	9
16879	7
16880	4
16881	11
16882	5
16883	5
16884	7
16885	3
16886	8
16887	8
16888	11
16889	1
16890	7
16891	10
16892	2
16893	9
16894	7
16895	4
16896	7
16897	10
16898	7
16899	5
16900	6
16901	8
16902	7
16903	10
16904	2
16905	8
16906	4
16907	2
16908	7
16909	4
16910	14
16911	2
16912	4
16913	7
16914	12
16915	4
16916	2
16917	8
16918	4
16919	6
16920	6
16921	9
16922	9
16923	11
16924	6
16925	6
16926	6
16927	9
16928	5
16929	3
16930	7
16931	6
16932	10
16933	6
16934	5
16935	11
16936	4
16937	5
16938	2
16939	2
16940	6
16941	10
16942	8
16943	10
16944	6
16945	7
16946	9
16947	6
16948	10
16949	7
16950	7
16951	6
16952	9
16953	6
16954	4
16955	8
16956	7
16957	9
16958	8
16959	5
16960	7
16961	12
16962	8
16963	8
16964	10
16965	10
16966	5
16967	7
16968	5
16969	4
16970	4
16971	6
16972	4
16973	4
16974	6
16975	7
16976	8
16977	10
16978	7
16979	4
16980	8
16981	11
16982	6
16983	9
16984	5
16985	6
16986	4
16987	6
16988	6
16989	5
16990	5
16991	7
16992	10
16993	4
16994	7
16995	9
16996	5
16997	6
16998	6
16999	8
17000	6
17001	7
17002	6
17003	6
17004	6
17005	4
17006	6
17007	10
17008	6
17009	5
17010	7
17011	4
17012	8
17013	7
17014	4
17015	8
17016	2
17017	6
17018	6
17019	2
17020	6
17021	1
17022	10
17023	8
17024	3
17025	2
17026	8
17027	8
17028	6
17029	9
17030	7
17031	8
17032	11
17033	10
17034	5
17035	7
17036	1
17037	4
17038	6
17039	5
17040	13
17041	3
17042	4
17043	3
17044	3
17045	7
17046	7
17047	10
17048	5
17049	6
17050	9
17051	6
17052	6
17053	6
17054	6
17055	11
17056	1
17057	4
17058	2
17059	4
17060	2
17061	4
17062	6
17063	7
17064	4
17065	6
17066	7
17067	5
17068	1
17069	4
17070	4
17071	10
17072	4
17073	2
17074	4
17075	5
17076	4
17077	7
17078	5
17079	6
17080	4
17081	8
17082	4
17083	7
17084	6
17085	6
17086	4
17087	6
17088	3
17089	7
17090	11
17091	6
17092	6
17093	5
17094	4
17095	7
17096	2
17097	8
17098	9
17099	5
17100	7
17101	10
17102	4
17103	9
17104	7
17105	7
17106	4
17107	4
17108	2
17109	4
17110	7
17111	5
17112	5
17113	5
17114	3
17115	6
17116	5
17117	4
17118	6
17119	5
17120	4
17121	5
17122	6
17123	7
17124	5
17125	5
17126	4
17127	3
17128	6
17129	7
17130	4
17131	4
17132	5
17133	4
17134	9
17135	1
17136	8
17137	4
17138	4
17139	9
17140	5
17141	6
17142	7
17143	9
17144	8
17145	6
17146	11
17147	7
17148	4
17149	5
17150	3
17151	11
17152	2
17153	4
17154	4
17155	5
17156	3
17157	3
17158	9
17159	8
17160	5
17161	3
17162	9
17163	6
17164	10
17165	7
17166	8
17167	9
17168	8
17169	3
17170	10
17171	2
17172	6
17173	7
17174	5
17175	8
17176	3
17177	10
17178	4
17179	4
17180	4
17181	7
17182	6
17183	6
17184	7
17185	5
17186	13
17187	3
17188	3
17189	4
17190	8
17191	5
17192	15
17193	5
17194	6
17195	10
17196	5
17197	9
17198	10
17199	3
17200	7
17201	9
17202	10
17203	3
17204	6
17205	5
17206	5
17207	7
17208	8
17209	3
17210	4
17211	3
17212	9
17213	5
17214	1
17215	9
17216	3
17217	8
17218	10
17219	7
17220	4
17221	7
17222	2
17223	7
17225	9
17226	5
17227	8
17228	5
17229	1
17230	3
17231	5
17232	6
17233	7
17234	3
17235	5
17236	9
17237	8
17238	9
17239	6
17240	4
17241	8
17242	4
17243	5
17244	3
17245	8
17246	5
17247	6
17248	4
17249	2
17250	10
17251	6
17252	4
17253	8
17254	8
17255	3
17256	6
17257	7
17258	3
17259	6
17260	7
17261	3
17262	4
17263	5
17264	10
17265	3
17266	6
17267	6
17268	4
17269	5
17270	3
17271	5
17272	4
17273	3
17274	2
17275	7
17276	6
17277	6
17278	6
17279	5
17280	5
17281	5
17282	1
17283	10
17284	5
17285	5
17286	4
17287	6
17288	5
17289	8
17290	3
17291	5
17292	3
17293	9
17294	5
17295	5
17296	6
17297	4
17298	8
17299	5
17300	6
17301	7
17302	4
17303	4
17304	5
17305	7
17306	4
17307	4
17308	10
17309	8
17310	6
17311	7
17312	7
17313	7
17314	3
17315	6
17316	4
17317	6
17318	3
17319	3
17320	5
17321	8
17322	5
17323	6
17324	2
17325	4
17326	4
17327	2
17328	1
17329	6
17330	4
17331	7
17332	2
17333	9
17334	7
17335	3
17336	3
17337	6
17338	8
17339	3
17340	5
17341	6
17342	6
17343	4
17344	8
17345	2
17346	2
17347	3
17348	5
17349	4
17350	1
17351	6
17352	4
17353	2
17354	4
17355	3
17356	10
17357	6
17358	3
17359	7
17360	6
17361	1
17362	5
17363	9
17364	2
17365	3
17366	5
17367	7
17368	4
17369	3
17370	9
17371	9
17372	3
17373	4
17374	7
17375	4
17376	9
17377	3
17378	6
17379	4
17380	4
17381	6
17382	6
17383	5
17384	3
17385	4
17386	4
17387	4
17388	5
17389	8
17390	9
17391	5
17392	5
17393	7
17394	4
17395	9
17396	1
17397	2
17398	10
17399	6
17400	4
17401	2
17402	3
17403	6
17404	5
17405	7
17406	3
17407	6
17408	6
17409	5
17410	4
17411	4
17412	7
17413	3
17414	4
17415	3
17416	5
17417	5
17418	4
17419	6
17420	7
17421	2
17423	8
17424	7
17425	1
17426	5
17427	7
17428	1
17429	5
17430	4
17431	3
17432	9
17433	5
17434	5
17435	1
17436	3
17437	4
17438	6
17439	2
17440	3
17441	2
17442	2
17443	4
17444	1
17445	5
17446	4
17447	3
17448	4
17449	8
17450	5
17451	2
17452	2
17453	5
17454	2
17455	6
17456	7
17457	6
17458	4
17459	4
17460	1
17461	4
17462	6
17463	3
17464	8
17465	5
17466	8
17467	2
17468	10
17469	5
17470	5
17471	5
17472	2
17473	3
17474	2
17475	10
17476	6
17477	6
17478	7
17479	9
17480	3
17481	7
17482	3
17483	4
17484	9
17485	6
17486	1
17487	2
17488	10
17489	3
17490	3
17491	4
17492	7
17493	6
17494	3
17495	3
17496	4
17497	10
17498	10
17499	4
17500	4
17501	3
17502	2
17503	5
17504	5
17505	6
17506	4
17507	4
17508	4
17509	4
17510	2
17511	6
17512	7
17513	2
17514	1
17515	3
17516	3
17517	3
17518	5
17519	8
17520	1
17521	6
17522	2
17523	5
17524	1
17525	3
17526	4
17527	4
17528	5
17529	4
17530	5
17531	6
17532	2
17533	3
17534	6
17535	8
17536	3
17537	7
17538	7
17539	6
17540	5
17541	4
17542	7
17543	8
17544	9
17545	3
17546	4
17547	4
17548	5
17549	5
17550	2
17551	3
17552	2
17553	5
17554	8
17555	3
17556	4
17557	7
17558	1
17559	7
17560	5
17561	7
17562	3
17563	2
17564	7
17565	5
17566	3
17567	7
17568	2
17569	3
17570	8
17571	3
17572	2
17573	5
17574	6
17575	3
17576	6
17577	1
17578	1
17579	3
17580	3
17581	3
17582	2
17583	5
17584	5
17585	3
17586	7
17587	2
17588	4
17589	7
17590	2
17591	2
17592	3
17593	3
17594	2
17595	3
17596	5
17597	1
17598	4
17599	3
17600	2
17601	4
17602	7
17603	4
17604	2
17605	1
17606	2
17607	3
17608	7
17609	5
17610	4
17611	2
17612	1
17613	1
17614	8
17615	8
17616	1
17617	4
17618	3
17619	3
17620	1
17621	4
17623	4
17625	4
17626	1
17627	5
17628	2
17629	4
17630	1
17631	4
17632	1
17633	2
17634	2
17635	7
17636	6
17637	6
17638	7
17640	3
17641	8
17642	3
17643	1
17644	2
17645	6
17646	5
17647	2
17648	5
17649	5
17650	5
17651	2
17652	5
17653	6
17654	4
17655	3
17656	5
17657	5
17658	3
17659	9
17660	4
17661	1
17662	7
17663	2
17665	4
17666	3
17667	7
17668	3
17669	4
17670	6
17671	3
17672	3
17673	4
17674	3
17675	4
17676	4
17677	8
17678	4
17679	2
17680	6
17681	4
17682	2
17683	2
17684	7
17685	4
17686	4
17687	3
17689	1
17690	5
17691	6
17692	4
17693	2
17694	5
17695	3
17696	4
17697	2
17698	5
17699	6
17700	2
17701	2
17702	3
17703	5
17704	4
17705	5
17706	7
17707	2
17708	6
17709	2
17710	5
17711	4
17712	7
17713	3
17714	6
17715	5
17716	3
17717	4
17718	2
17719	6
17720	1
17721	1
17722	3
17723	1
17724	2
17725	5
17726	2
17728	1
17729	4
17730	2
17731	5
17732	6
17733	3
17734	6
17735	1
17736	4
17737	5
17738	2
17739	2
17740	6
17741	4
17742	5
17743	4
17744	3
17745	6
17746	2
17747	2
17748	4
17749	4
17750	6
17751	5
17752	3
17753	2
17754	2
17755	4
17756	2
17757	5
17758	2
17759	4
17760	5
17761	2
17762	4
17763	1
17764	6
17765	6
17766	5
17767	2
17768	5
17769	3
17770	3
17771	3
17772	3
17773	2
17774	3
17775	1
17776	3
17777	5
17778	1
17779	3
17780	9
17781	4
17782	3
17783	4
17784	3
17785	2
17786	1
17787	4
17788	4
17789	3
17790	5
17791	2
17792	6
17793	9
17794	3
17795	3
17796	2
17797	3
17798	3
17799	4
17800	1
17801	3
17802	3
17803	3
17805	5
17806	3
17807	5
17808	3
17809	2
17810	1
17811	2
17812	3
17813	3
17814	3
17815	4
17816	1
17817	1
17818	4
17819	4
17820	2
17821	5
17822	2
17823	3
17824	3
17825	1
17826	2
17827	3
17828	3
17829	3
17830	1
17831	2
17832	1
17833	4
17834	4
17836	2
17837	2
17838	7
17839	2
17840	3
17841	2
17842	1
17843	2
17844	1
17845	5
17846	2
17847	2
17848	2
17849	4
17850	4
17851	5
17852	3
17853	4
17854	1
17855	3
17856	2
17857	2
17858	4
17859	3
17860	1
17861	4
17862	5
17863	1
17865	2
17866	2
17867	3
17868	1
17869	4
17870	4
17871	2
17872	3
17873	4
17874	1
17875	2
17876	2
17877	5
17878	3
17879	1
17880	3
17881	3
17882	1
17883	1
17884	2
17885	3
17886	1
17887	1
17888	3
17889	2
17890	6
17891	2
17892	4
17893	1
17894	1
17895	5
17896	3
17897	3
17898	1
17899	5
17900	2
17901	2
17902	3
17903	3
17904	6
17905	2
17906	5
17907	5
17908	1
17909	4
17910	3
17911	4
17912	2
17913	1
17914	2
17915	5
17916	5
17917	1
17918	1
17919	3
17920	3
17921	2
17923	6
17924	2
17925	3
17926	2
17927	3
17928	3
17929	1
17931	1
17932	4
17933	4
17934	2
17935	2
17936	2
17937	3
17938	3
17939	3
17940	1
17941	1
17942	3
17943	3
17944	2
17945	3
17947	3
17948	1
17949	1
17950	3
17951	3
17952	2
17953	1
17955	2
17956	6
17957	3
17958	1
17959	6
17960	3
17961	1
17962	3
17963	2
17964	2
17966	2
17968	1
17969	3
17970	2
17972	3
17973	2
17974	2
17976	2
17977	2
17978	1
17979	1
17980	2
17981	1
17982	1
17983	3
17984	6
17985	4
17986	1
17987	1
17988	4
17989	2
17990	2
17991	1
17992	1
17993	1
17994	2
17995	3
17996	2
17997	2
17998	1
18000	2
18001	3
18002	2
18003	3
18004	1
18005	3
18006	4
18007	3
18008	2
18009	1
18010	3
18012	1
18013	2
18014	1
18015	1
18016	6
18017	2
18018	1
18019	1
18020	2
18021	1
18022	3
18023	3
18024	2
18025	2
18026	4
18027	3
18028	1
18032	1
18033	3
18034	2
18035	3
18036	1
18037	2
18038	2
18039	4
18040	2
18042	2
18043	1
18045	2
18046	5
18047	3
18048	2
18049	1
18050	1
18051	4
18052	2
18053	2
18054	1
18055	2
18057	1
18058	2
18059	3
18060	1
18061	2
18062	4
18063	1
18064	3
18065	2
18066	2
18067	4
18068	4
18069	1
18070	1
18071	1
18072	1
18073	3
18074	2
18076	3
18079	1
18080	1
18081	1
18082	5
18083	2
18084	1
18085	2
18086	3
18087	1
18088	3
18089	4
18091	2
18092	1
18093	4
18094	2
18095	4
18096	2
18097	1
18098	1
18099	1
18100	1
18101	4
18102	1
18103	2
18104	1
18105	2
18106	1
18107	2
18108	1
18109	2
18110	1
18111	1
18112	1
18113	1
18114	2
18115	2
18116	2
18117	1
18118	1
18121	1
18122	1
18124	2
18125	2
18126	4
18127	3
18128	1
18129	2
18130	1
18131	1
18132	3
18133	1
18134	2
18135	1
18136	3
18137	1
18138	1
18139	1
18142	1
18143	3
18146	2
18147	3
18148	1
18149	1
18150	1
18151	1
18153	3
18154	3
18155	3
18157	4
18158	4
18159	3
18160	2
18162	2
18163	4
18164	3
18165	3
18166	1
18167	1
18168	3
18170	1
18171	2
18173	3
18174	1
18175	3
18177	1
18178	4
18181	3
18182	2
18186	1
18187	1
18188	3
18189	2
18190	2
18191	2
18193	3
18194	3
18195	1
18196	1
18197	3
18199	1
18201	1
18202	2
18204	1
18205	1
18206	1
18208	1
18210	3
18212	2
18213	1
18214	1
18216	1
18217	3
18218	3
18221	3
18222	2
18226	3
18228	3
18230	2
18232	4
18235	1
18236	3
18237	4
18238	1
18239	3
18240	1
18241	1
18243	3
18245	3
18246	2
18247	3
18248	2
18250	2
18253	1
18254	2
18257	1
18259	1
18263	1
18265	2
18267	2
18268	2
18270	3
18272	2
18274	1
18278	1
18279	2
18280	2
18282	1
18284	2
18285	2
18286	1
18287	2
18288	2
18290	3
18291	4
18294	1
18296	1
18297	2
18298	1
18299	1
18300	2
18301	1
18302	1
18303	1
18306	3
18308	1
18310	3
18312	1
18315	1
18317	2
18319	2
18320	1
18321	2
18322	1
18323	1
18324	2
18326	2
18329	2
18330	2
18332	2
18333	2
18334	1
18335	2
18336	1
18339	1
18343	1
18347	1
18349	2
18350	1
18352	1
18353	1
18355	2
18357	2
18358	1
18359	1
18361	1
18362	1
18365	1
18366	1
18367	1
18371	1
18372	1
18373	4
18374	1
18376	1
18378	2
18379	1
18380	1
18381	1
18385	1
18386	1
18388	1
18390	1
18392	2
18393	1
18396	2
18398	1
18399	3
18400	1
18401	2
18404	3
18408	1
18409	2
18410	3
18413	1
18415	1
18416	1
18419	1
18420	2
18423	1
18424	1
18426	1
18430	2
18431	1
18435	1
18436	1
18437	2
18439	1
18441	1
18443	1
18447	2
18448	3
18449	1
18453	1
18455	1
18456	3
18458	1
18461	2
18463	1
18464	1
18465	1
18466	2
18467	3
18468	2
18469	1
18472	1
18475	1
18476	1
18478	1
18479	1
18483	1
18484	2
18488	1
18491	1
18494	2
18499	2
18500	2
18502	3
18504	2
18505	1
18507	1
18508	1
18509	3
18510	2
18514	2
18517	1
18522	1
18523	1
18525	2
18528	2
18531	1
18533	1
18536	1
18537	1
18538	1
18544	1
18545	1
18548	1
18549	1
18552	1
18553	2
18554	2
18557	1
18562	1
18564	2
18567	2
18568	2
18570	1
18572	1
18574	1
18577	1
18582	2
18583	1
18584	1
18585	1
18587	2
18589	1
18590	3
18591	1
18594	1
18595	1
18597	2
18598	1
18601	2
18604	1
18607	1
18608	2
18610	1
18611	1
18615	1
18616	1
18619	1
18620	1
18621	1
18622	1
18625	1
18631	1
18636	1
18641	1
18645	1
18646	1
18647	1
18648	1
18650	1
18654	1
18657	2
18661	1
18663	1
18666	1
18667	1
18671	1
18672	1
18673	1
18674	2
18675	1
18682	1
18683	1
18685	1
18688	1
18689	1
18691	1
18695	1
18700	1
18701	1
18703	1
18705	1
18707	2
18709	1
18710	1
18714	1
18716	1
18717	1
18721	1
18722	1
18723	1
18725	1
18726	2
18728	2
18729	1
18730	1
18731	1
18732	1
18738	1
18744	1
18747	1
18750	1
18752	1
18753	1
18759	1
18765	1
18766	1
18769	1
18776	2
18780	2
18782	2
18784	1
18788	1
18789	1
18793	1
18801	1
18803	2
18809	1
18823	1
18827	1
18830	1
18835	1
18837	1
18838	1
18840	1
18841	1
18844	1
18845	1
18862	1
18871	1
18873	1
18877	1
18878	1
18879	1
18880	1
18881	1
18883	2
18884	1
18885	1
18887	1
18888	1
18889	1
18890	1
18891	1
18894	1
18899	1
18903	1
18904	1
18916	1
18917	1
18922	1
18927	1
18928	1
18931	2
18938	1
18939	1
18942	1
18946	1
18957	1
18962	1
18963	1
18966	2
18974	1
18978	1
18980	1
18985	1
18991	1
19005	1
19019	1
19021	1
19027	1
19031	1
19039	1
19041	1
19042	1
19044	1
19047	1
19055	1
19066	1
19068	1
19071	1
19074	1
19077	1
19082	1
19083	1
19089	1
19095	3
19096	2
19102	1
19108	1
19114	1
19120	1
19125	1
19132	1
19135	1
19136	1
19144	1
19153	1
19156	1
19157	1
19163	1
19164	1
19174	1
19176	1
19185	1
19187	1
19188	1
19205	1
19208	1
19228	1
19233	1
19246	2
19248	1
19251	1
19260	1
19263	1
19294	1
19299	1
19313	1
19315	1
19317	1
19323	2
19343	1
19382	1
19384	1
19395	1
19405	1
19411	1
19439	1
19448	1
19450	1
19458	1
19469	1
19485	1
19499	1
19501	1
19550	1
19557	1
19561	1
19565	1
19584	1
19588	1
19628	1
19718	1
19767	1
20019	1
20272	1
