3	2255	920	2253	1335	2	-1333
10	3205	10	0	3195	3205	10
15	2173	6	0	2167	2173	6
16	11231	75	11229	11156	2	-11154
17	3675	16	3673	3659	2	-3657
24	12196	1057	0	11139	12196	1057
31	13734	1146	0	12588	13734	1146
35	2680	4	0	2676	2680	4
48	2947	5	0	2942	2947	5
61	3435	12	3433	3423	2	-3421
62	2753	623	2751	2130	2	-2128
68	4216	50	0	4166	4216	50
91	2278	1343	0	935	2278	1343
95	1076	10	0	1066	1076	10
104	28490	1106	0	27384	28490	1106
105	3811	6	0	3805	3811	6
107	10605	1168	0	9437	10605	1168
111	7090	6	0	7084	7090	6
112	2821	6	0	2815	2821	6
114	11081	12	0	11069	11081	12
115	5970	96	5968	5874	2	-5872
127	14743	2833	0	11910	14743	2833
129	2101	15	2099	2086	2	-2084
138	2289	6	0	2283	2289	6
139	8572	260	0	8312	8572	260
148	2208	70	2206	2138	2	-2136
154	4510	1346	4508	3164	2	-3162
156	5007	523	0	4484	5007	523
163	3407	3406	3414	1	-7	-8
177	2489	15	2487	2474	2	-2472
180	1455	10	0	1445	1455	10
184	11557	435	0	11122	11557	435
191	1526	53	1524	1473	2	-1471
201	2497	6	0	2491	2497	6
203	35909	35908	9315	1	26594	26593
204	7824	7813	0	11	7824	7813
216	2194	1457	2192	737	2	-735
227	4811	78	0	4733	4811	78
229	3299	11	0	3288	3299	11
236	4027	5	0	4022	4027	5
249	3486	6	0	3480	3486	6
257	4069	195	0	3874	4069	195
265	2612	5	0	2607	2612	5
275	2408	2202	2406	206	2	-204
282	3480	3280	3472	200	8	-192
286	10204	10193	1621	11	8583	8572
291	7536	7309	0	227	7536	7309
296	3312	488	3310	2824	2	-2822
298	4667	4496	0	171	4667	4496
300	2782	10	0	2772	2782	10
306	1679	1575	1685	104	-6	-110
308	1401	1390	1405	11	-4	-15
312	9177	706	0	8471	9177	706
316	3730	17	3728	3713	2	-3711
327	7796	70	7794	7726	2	-7724
328	9646	20	0	9626	9646	20
336	19021	19010	19081	11	-60	-71
338	4309	4	0	4305	4309	4
343	11896	16	11894	11880	2	-11878
344	7379	30	0	7349	7379	30
348	3889	4	0	3885	3889	4
353	10097	20	10095	10077	2	-10075
357	9473	9472	1014	1	8459	8458
359	8798	8797	8819	1	-21	-22
361	19282	19271	19183	11	99	88
363	4070	1319	0	2751	4070	1319
366	16721	16235	16684	486	37	-449
367	14614	6	0	14608	14614	6
368	2961	2065	0	896	2961	2065
369	11839	11766	11808	73	31	-42
370	2274	10	0	2264	2274	10
371	1039	30	1037	1009	2	-1007
377	1289	12	1287	1277	2	-1275
378	11756	11745	11754	11	2	-9
380	10324	10194	10322	130	2	-128
381	23253	23082	23251	171	2	-169
382	4068	4057	4066	11	2	-9
384	1028	832	1026	196	2	-194
387	40643	40180	40641	463	2	-461
388	37215	26672	0	10543	37215	26672
390	27131	26208	0	923	27131	26208
400	4910	1767	4908	3143	2	-3141
408	27546	27535	27548	11	-2	-13
411	2441	11	2439	2430	2	-2428
412	21591	21580	21628	11	-37	-48
413	4569	496	0	4073	4569	496
414	25833	25822	25831	11	2	-9
415	3454	10	0	3444	3454	10
416	2966	135	0	2831	2966	135
419	2206	44	0	2162	2206	44
421	5215	330	0	4885	5215	330
423	1421	10	0	1411	1421	10
424	1645	5	0	1640	1645	5
426	4989	4684	5001	305	-12	-317
427	1033	48	1031	985	2	-983
430	2972	2961	2977	11	-5	-16
434	13276	13265	3034	11	10242	10231
435	16931	1319	16930	15612	1	-15611
436	8121	77	8119	8044	2	-8042
439	18349	16	18347	18333	2	-18331
442	4502	15	0	4487	4502	15
448	2705	64	0	2641	2705	64
449	2756	9	0	2747	2756	9
451	1345	100	1343	1245	2	-1243
452	2067	40	2065	2027	2	-2025
453	2871	4	0	2867	2871	4
468	3477	13	3475	3464	2	-3462
469	2914	9	0	2905	2914	9
470	6533	15	0	6518	6533	15
471	1851	51	1849	1800	2	-1798
475	1460	1355	1458	105	2	-103
476	3652	1934	3650	1718	2	-1716
477	3035	15	3033	3020	2	-3018
482	7598	677	0	6921	7598	677
486	2549	8	0	2541	2549	8
491	2364	8	0	2356	2364	8
494	8896	1233	8893	7663	3	-7660
496	3487	3141	3509	346	-22	-368
498	2333	9	2331	2324	2	-2322
502	4078	6	4076	4072	2	-4070
503	1001	11	0	990	1001	11
504	11023	11012	4690	11	6333	6322
505	4811	380	0	4431	4811	380
510	1984	58	1982	1926	2	-1924
513	2140	13	2138	2127	2	-2125
514	6092	67	6090	6025	2	-6023
515	11318	5491	11316	5827	2	-5825
516	1051	828	1049	223	2	-221
521	11290	6403	0	4887	11290	6403
522	2409	1950	2407	459	2	-457
526	7081	16	7079	7065	2	-7063
529	7722	6	0	7716	7722	6
533	1375	652	1373	723	2	-721
538	3665	80	3663	3585	2	-3583
540	12193	475	0	11718	12193	475
544	2385	2034	2379	351	6	-345
546	13639	13592	13621	47	18	-29
549	8401	8390	8399	11	2	-9
550	1053	10	0	1043	1053	10
551	1575	960	1573	615	2	-613
556	22424	22052	0	372	22424	22052
559	1882	342	1880	1540	2	-1538
561	2004	1976	0	28	2004	1976
562	1728	61	1726	1667	2	-1665
563	1293	11	1291	1282	2	-1280
564	15687	15581	0	106	15687	15581
565	2013	6	0	2007	2013	6
567	8974	48	0	8926	8974	48
569	1574	30	1572	1544	2	-1542
571	3831	18	3829	3813	2	-3811
572	6883	36	0	6847	6883	36
576	6044	68	6042	5976	2	-5974
577	13076	11779	13074	1297	2	-1295
579	1467	231	0	1236	1467	231
580	1095	1042	1106	53	-11	-64
584	31446	31435	15129	11	16317	16306
594	2231	1451	2229	780	2	-778
595	7202	531	0	6671	7202	531
596	2277	116	2275	2161	2	-2159
597	8760	10	0	8750	8760	10
598	6452	6	0	6446	6452	6
599	2750	9	2748	2741	2	-2739
602	2657	10	0	2647	2657	10
604	1664	76	1662	1588	2	-1586
605	4430	59	4428	4371	2	-4369
610	2625	11	0	2614	2625	11
611	31224	9855	0	21369	31224	9855
614	9475	9331	0	144	9475	9331
615	6824	6	0	6818	6824	6
631	1361	14	1359	1347	2	-1345
635	3155	2753	3153	402	2	-400
639	9691	8247	9683	1444	8	-1436
640	2120	69	2118	2051	2	-2049
642	8960	8942	8958	18	2	-16
646	2753	6	0	2747	2753	6
647	2855	4	0	2851	2855	4
648	5474	12	0	5462	5474	12
656	14899	84	0	14815	14899	84
657	10774	25	10772	10749	2	-10747
658	9246	30	0	9216	9246	30
661	3169	65	0	3104	3169	65
662	3868	7	3866	3861	2	-3859
663	2658	20	2656	2638	2	-2636
667	3286	948	0	2338	3286	948
670	3297	4	0	3293	3297	4
671	2003	1991	2001	12	2	-10
673	3314	8	0	3306	3314	8
674	2286	231	2284	2055	2	-2053
675	14106	1133	0	12973	14106	1133
678	2229	15	2227	2214	2	-2212
680	9094	775	0	8319	9094	775
683	2316	2305	2299	11	17	6
684	8592	8581	8565	11	27	16
687	48621	47679	48435	942	186	-756
688	1536	6	0	1530	1536	6
691	3150	312	3148	2838	2	-2836
696	17320	110	0	17210	17320	110
698	14968	14957	2678	11	12290	12279
699	50558	50547	50413	11	145	134
704	15981	24	0	15957	15981	24
705	3001	5	0	2996	3001	5
709	4516	76	4514	4440	2	-4438
719	5004	11	0	4993	5004	11
721	4302	10	4300	4292	2	-4290
725	4084	11	0	4073	4084	11
740	1172	7	1170	1165	2	-1163
751	7751	13	0	7738	7751	13
754	33298	33287	33024	11	274	263
755	1725	48	1723	1677	2	-1675
759	3091	6	0	3085	3091	6
761	2147	42	2145	2105	2	-2103
765	6313	76	0	6237	6313	76
767	2528	40	2526	2488	2	-2486
783	8200	19	0	8181	8200	19
787	20343	19833	20298	510	45	-465
794	1502	81	1500	1421	2	-1419
795	6772	6	6770	6766	2	-6764
801	1876	32	1874	1844	2	-1842
802	14961	1351	0	13610	14961	1351
809	2477	1003	2475	1474	2	-1472
823	4175	17	4173	4158	2	-4156
833	5108	14	0	5094	5108	14
837	1778	695	1776	1083	2	-1081
849	6968	5	0	6963	6968	5
853	6022	5	0	6017	6022	5
854	7665	26	0	7639	7665	26
