1001
1010
1023
1028
1033
1039
1051
1053
1064
1071
1076
1082
1095
1164
1172
1174
1176
1219
1224
1230
1233
1239
1263
1272
1274
1274
1279
1289
1291
1292
1293
1324
1325
1345
1358
1361
1374
1375
1394
1395
1401
1421
1436
1455
1456
1460
1467
1469
1477
1485
1491
1502
1526
1530
1536
1546
1563
1574
1575
1602
1619
1645
1657
1662
1664
1667
1672
1679
1718
1725
1728
1743
1778
1784
1812
1832
1843
1843
1843
1851
1861
1866
1876
1882
1901
1907
1912
1932
1935
1956
1977
1981
1984
1998
2001
2003
2004
2013
2018
2023
2030
2031
2050
2056
2067
2101
2106
2107
2109
2120
2131
2140
2147
2173
2191
2194
2206
2208
2213
2229
2231
2236
2237
2245
2251
2255
2256
2271
2274
2277
2278
2286
2289
2313
2316
2328
2331
2333
2364
2385
2399
2405
2408
2409
2422
2422
2430
2437
2441
2441
2450
2471
2477
2489
2489
2497
2518
2528
2539
2549
2556
2558
2594
2602
2609
2612
2617
2620
2625
2638
2651
2657
2658
2658
2660
2668
2680
2682
2687
2705
2708
2750
2751
2753
2753
2756
2782
2798
2801
2814
2815
2821
2825
2855
2871
2874
2878
2888
2899
2914
2927
2937
2947
2961
2966
2972
2989
2994
3001
3019
3035
3036
3039
3064
3069
3082
3086
3091
3094
3119
3126
3135
3150
3155
3157
3169
3205
3211
3221
3226
3262
3267
3272
3286
3297
3299
3312
3314
3319
3323
3353
3353
3407
3423
3432
3435
3447
3454
3477
3480
3486
3487
3498
3505
3549
3549
3553
3652
3655
3660
3665
3671
3675
3678
3678
3679
3703
3724
3729
3730
3743
3769
3809
3809
3811
3814
3831
3868
3869
3888
3889
3930
3961
3986
4007
4027
4035
4068
4069
4069
4070
4070
4074
4078
4084
4095
4104
4175
4185
4212
4216
4237
4250
4262
4275
4279
4302
4309
4316
4334
4382
4405
4409
4416
4424
4427
4430
4443
4462
4476
4502
4510
4516
4516
4517
4547
4560
4569
4580
4586
4591
4624
4630
4667
4683
4747
4778
4788
4811
4811
4836
4836
4862
4876
4910
4913
4943
4974
4980
4989
5001
5004
5004
5007
5017
5037
5047
5050
5059
5077
5084
5108
5117
5202
5206
5215
5227
5235
5299
5335
5473
5474
5516
5561
5594
5594
5595
5613
5646
5650
5660
5788
5815
5821
5843
5847
5852
5853
5864
5897
5909
5917
5943
5956
5970
5987
6012
6018
6020
6022
6024
6039
6044
6044
6044
6047
6049
6065
6089
6092
6100
6116
6141
6145
6172
6195
6212
6229
6260
6261
6279
6287
6302
6313
6383
6431
6438
6452
6470
6476
6484
6488
6524
6533
6574
6647
6652
6653
6697
6705
6771
6772
6772
6824
6861
6866
6883
6907
6919
6920
6968
6971
6979
7023
7037
7048
7075
7081
7090
7117
7183
7187
7188
7202
7232
7243
7247
7329
7352
7379
7417
7425
7429
7438
7536
7598
7604
7626
7665
7722
7723
7743
7751
7775
7796
7824
7885
7891
7942
7959
8029
8041
8056
8102
8121
8142
8158
8178
8190
8200
8202
8267
8286
8293
8346
8362
8401
8412
8473
8474
8483
8551
8562
8569
8572
8592
8592
8604
8625
8656
8678
8691
8711
8726
8726
8731
8733
8760
8792
8798
8891
8896
8951
8960
8974
9044
9094
9120
9135
9140
9167
9177
9210
9246
9249
9276
9308
9359
9380
9427
9473
9475
9512
9520
9580
9646
9667
9687
9691
9697
9708
9812
9976
10019
10020
10044
10047
10061
10097
10204
10307
10311
10324
10414
10434
10497
10533
10546
10553
10605
10624
10647
10653
10774
10876
10885
10969
11023
11081
11121
11139
11202
11231
11246
11290
11313
11318
11319
11418
11425
11438
11486
11494
11519
11557
11657
11689
11756
11758
11804
11830
11834
11839
11845
11859
11896
11988
11997
12097
12144
12165
12166
12193
12196
12228
12299
12312
12370
12396
12416
12426
12455
12579
12700
12709
12727
12801
12805
12822
12887
12940
12944
12961
13076
13125
13148
13202
13208
13245
13276
13313
13439
13463
13499
13631
13639
13678
13682
13734
13822
13823
13859
13906
14050
14056
14089
14106
14169
14227
14266
14394
14404
14430
14568
14607
14608
14614
14628
14644
14743
14786
14899
14961
14968
15004
15021
15032
15178
15190
15209
15240
15357
15373
15468
15663
15687
15770
15806
15980
15981
16048
16101
16388
16676
16721
16767
16779
16875
16931
16996
17144
17320
17333
17364
17413
17612
17653
17743
17861
17984
18000
18221
18349
18398
18478
18610
18845
19021
19131
19151
19282
19308
19398
19472
19485
19584
19588
19614
19668
19679
19885
19918
19970
20017
20068
20082
20095
20343
20501
20575
20630
21023
21142
21203
21289
21366
21467
21551
21591
21637
21648
21691
21876
21897
22067
22364
22365
22371
22424
22467
22501
22537
22796
22830
22830
22845
22972
23146
23198
23253
23295
23297
23419
23591
23676
23743
23882
24013
24185
24826
24870
25006
25179
25453
25505
25833
26311
26318
26555
26617
26705
27131
27208
27546
27554
28134
28172
28331
28430
28490
28686
28742
29288
29742
30223
30541
30843
30956
31023
31224
31446
31997
32353
32414
32648
32722
32810
33298
33455
33505
33887
35909
36198
37215
37480
37726
38760
38905
39049
40565
40643
41057
41390
41634
41940
46296
47958
48621
50558
58609
58738
59642
64898
65020
