1014
1026
1031
1037
1049
1106
1170
1287
1291
1343
1359
1373
1405
1458
1500
1524
1572
1573
1621
1662
1685
1723
1726
1776
1849
1874
1880
1982
2001
2065
2099
2118
2138
2145
2192
2206
2227
2229
2253
2275
2284
2299
2331
2379
2406
2407
2439
2475
2487
2526
2656
2678
2748
2751
2977
3033
3034
3148
3153
3310
3414
3433
3472
3475
3509
3650
3663
3673
3728
3829
3866
4066
4076
4173
4300
4428
4508
4514
4690
4908
5001
5968
6042
6090
6770
7079
7794
8119
8399
8565
8819
8893
8958
9315
9683
10095
10322
10772
11229
11316
11754
11808
11894
13074
13621
15129
16684
16930
18347
19081
19183
20298
21628
23251
25831
27548
33024
40641
48435
50413
